"","Site_code","Longitude","lattitude","total_Ixodes_Scapularis_nymphs","total_infected_ixodes_scapularis_nymphs","total_Borrelia_burgdorferi","total_Borrelia_Mayonii","total_Borrelia_miyamotoi","total_Babesia_microti","total_Ehrlichia_muris","total_Anaplasma_phagocytophilum","total_Powassan_DTV","total_coinfection_individuals","percent_infected_nymphs","percent_infection_Bb","percent_infection_Borrelia_miyamotoi","percent_infection_Borrelia_mayonii","percent_infection_Babesia_microti","percent_infection_Ehrlichia_muris","percent_infection_Anaplasma_phagocytophilum","percent_infection_Powassan_DTV","percent_total_coinfection_individuals"
"1","CE_10_2","-71.761","41.7588",2,0,0,0,0,0,0,0,0,0,0,0,0,0,0,0,0,0,0
"2","CE_12_1","-71.5645","41.8082",22,8,6,0,0,3,0,0,0,1,36.3636363636364,27.2727272727273,0,0,13.6363636363636,0,0,0,4.54545454545455
"3","CE_12_2","-71.5036","41.8043",18,0,0,0,0,0,0,0,0,0,0,0,0,0,0,0,0,0,0
"4","CE_16_2","-71.6909","41.7189",2,0,0,0,0,0,0,0,0,0,0,0,0,0,0,0,0,0,0
"5","CE_16_3","-71.6931","41.674",29,10,8,0,0,2,0,2,0,2,34.4827586206897,27.5862068965517,0,0,6.89655172413793,0,6.89655172413793,0,6.89655172413793
"6","CE_17_1","-71.5939","41.6503",16,1,0,0,0,0,0,1,0,0,6.25,0,0,0,0,0,6.25,0,0
"7","CE_17_2","-71.5402","41.7517",85,15,11,0,0,2,0,2,0,0,17.6470588235294,12.9411764705882,0,0,2.35294117647059,0,2.35294117647059,0,0
"8","CE_22_1","-71.7136","41.6244",38,14,10,0,0,2,0,3,0,1,36.8421052631579,26.3157894736842,0,0,5.26315789473684,0,7.89473684210526,0,2.63157894736842
"9","CE_22_2","-71.7094","41.5767",39,12,8,0,0,5,0,2,0,2,30.7692307692308,20.5128205128205,0,0,12.8205128205128,0,5.12820512820513,0,5.12820512820513
"10","CE_23_1","-71.5703","41.5898",59,18,12,0,1,4,0,4,0,3,30.5084745762712,20.3389830508475,1.69491525423729,0,6.77966101694915,0,6.77966101694915,0,5.08474576271187
"11","CE_23_2","-71.5134","41.6295",182,35,26,0,4,4,0,3,0,2,19.2307692307692,14.2857142857143,2.1978021978022,0,2.1978021978022,0,1.64835164835165,0,1.0989010989011
"12","NB_18_1","-71.4205","41.6969",52,8,6,0,1,1,0,1,0,1,15.3846153846154,11.5384615384615,1.92307692307692,0,1.92307692307692,0,1.92307692307692,0,1.92307692307692
"13","NB_19_1","-71.3224","41.76044",4,1,0,0,0,0,0,1,0,0,25,0,0,0,0,0,25,0,0
"14","NB_19_2","-71.3042","41.673",123,34,23,0,1,11,0,7,0,8,27.6422764227642,18.6991869918699,0.813008130081301,0,8.94308943089431,0,5.69105691056911,0,6.50406504065041
"15","NB_8_1","-71.4372","41.8921",4,3,2,0,0,2,0,0,0,1,75,50,0,0,50,0,0,0,25
"16","NO_1_1","-71.7897","41.982",2,0,0,0,0,0,0,0,0,0,0,0,0,0,0,0,0,0,0
"17","NO_2_1","-71.6765","41.991",4,0,0,0,0,0,0,0,0,0,0,0,0,0,0,0,0,0,0
"18","NO_3_1","-71.57881","41.9798",32,7,6,0,0,3,0,0,0,2,21.875,18.75,0,0,9.375,0,0,0,6.25
"19","NO_3_2","-71.5039","41.9362",4,0,0,0,0,0,0,0,0,0,0,0,0,0,0,0,0,0,0
"20","NO_4_2","-71.4501","41.9412",4,2,1,0,0,1,0,0,0,0,50,25,0,0,25,0,0,0,0
"21","NO_6_2","-71.6325","41.8921",11,3,3,0,0,1,0,0,0,1,27.2727272727273,27.2727272727273,0,0,9.09090909090909,0,0,0,9.09090909090909
"22","NO_7_1","-71.5884","41.8597",3,1,1,0,0,1,0,1,0,1,33.3333333333333,33.3333333333333,0,0,33.3333333333333,0,33.3333333333333,0,33.3333333333333
"23","SB_26_1","-71.1737","41.65",63,20,16,0,0,7,0,3,0,6,31.7460317460317,25.3968253968254,0,0,11.1111111111111,0,4.76190476190476,0,9.52380952380952
"24","SB_30_2","-71.3755","41.509",118,48,22,0,2,17,0,15,0,8,40.6779661016949,18.6440677966102,1.69491525423729,0,14.4067796610169,0,12.7118644067797,0,6.77966101694915
"25","SB_37_1","-71.3535","41.4509",2,0,0,0,0,0,0,0,0,0,0,0,0,0,0,0,0,0,0
"26","SO_27_2","-71.7786","41.5071",3,1,1,0,0,0,0,0,0,0,33.3333333333333,33.3333333333333,0,0,0,0,0,0,0
"27","SO_28_3","-71.6581","41.5315",41,16,13,0,0,8,0,1,0,6,39.0243902439024,31.7073170731707,0,0,19.5121951219512,0,2.4390243902439,0,14.6341463414634
"28","SO_29_2","-71.4809","41.8809",52,18,13,0,1,2,0,3,0,1,34.6153846153846,25,1.92307692307692,0,3.84615384615385,0,5.76923076923077,0,1.92307692307692
"29","SO_29_3","-71.5889","41.5549",50,19,15,0,2,5,0,1,0,4,38,30,4,0,10,0,2,0,8
"30","SO_34_1","-71.6076","41.4296",19,6,4,0,0,1,0,2,0,1,31.5789473684211,21.0526315789474,0,0,5.26315789473684,0,10.5263157894737,0,5.26315789473684
"31","SO_34_2","-71.6479","41.4274",41,11,7,0,0,1,0,3,0,0,26.8292682926829,17.0731707317073,0,0,2.4390243902439,0,7.31707317073171,0,0
"32","SO_34_3","-71.6882","41.4663",38,12,8,0,0,2,0,2,0,0,31.5789473684211,21.0526315789474,0,0,5.26315789473684,0,5.26315789473684,0,0
"33","SO_35_1","-71.4889","41.4635",42,17,11,0,2,2,0,4,0,2,40.4761904761905,26.1904761904762,4.76190476190476,0,4.76190476190476,0,9.52380952380952,0,4.76190476190476
"34","SO_35_2","-71.5751","41.4693",31,12,7,0,0,5,0,2,0,2,38.7096774193548,22.5806451612903,0,0,16.1290322580645,0,6.45161290322581,0,6.45161290322581
"35","SO_35_3","-71.5218","41.41748",20,6,5,0,0,0,0,2,1,2,30,25,0,0,0,0,10,5,10
"36","SO_40_1","-71.7824","41.3427",15,3,1,0,0,0,0,2,0,0,20,6.66666666666667,0,0,0,0,13.3333333333333,0,0
"37","SO_41_1","-71.6756","41.3759",40,10,8,0,1,1,0,0,1,1,25,20,2.5,0,2.5,0,0,2.5,2.5
"38","SO_42_1","-71.584","41.3753",256,62,13,0,2,14,0,38,2,7,24.21875,5.078125,0.78125,0,5.46875,0,14.84375,0.78125,2.734375
