"","Site_code","Longitude","lattitude","Month","total_Ixodes_Scapularis_nymphs","total_infected_ixodes_scapularis_nymphs","total_Borrelia_burgdorferi","total_Borrelia_Mayonii","total_Borrelia_miyamotoi","total_Babesia_microti","total_Ehrlichia_muris","total_Anaplasma_phagocytophilum","total_Powassan_DTV","total_coinfection_individuals","percent_infected_nymphs","percent_infection_Bb","percent_infection_Borrelia_miyamotoi","percent_infection_Borrelia_mayonii","percent_infection_Babesia_microti","percent_infection_Ehrlichia_muris","percent_infection_Anaplasma_phagocytophilum","percent_infection_Powassan_DTV","percent_total_coinfection_individuals"
"1","CE_10_2","-71.761","41.7588","7",2,0,0,0,0,0,0,0,0,0,0,0,0,0,0,0,0,0,0
"2","CE_12_1","-71.5645","41.8082","6",17,7,5,0,0,3,0,0,0,1,41.1764705882353,29.4117647058824,0,0,17.6470588235294,0,0,0,5.88235294117647
"3","CE_12_1","-71.5645","41.8082","7",5,1,1,0,0,0,0,0,0,0,20,20,0,0,0,0,0,0,0
"4","CE_12_2","-71.5036","41.8043","7",18,0,0,0,0,0,0,0,0,0,0,0,0,0,0,0,0,0,0
"5","CE_16_2","-71.6909","41.7189","6",2,0,0,0,0,0,0,0,0,0,0,0,0,0,0,0,0,0,0
"6","CE_16_3","-71.6931","41.674","6",18,6,5,0,0,1,0,1,0,1,33.3333333333333,27.7777777777778,0,0,5.55555555555556,0,5.55555555555556,0,5.55555555555556
"7","CE_16_3","-71.6931","41.674","7",11,4,3,0,0,1,0,1,0,1,36.3636363636364,27.2727272727273,0,0,9.09090909090909,0,9.09090909090909,0,9.09090909090909
"8","CE_17_1","-71.5939","41.6503","6",13,1,0,0,0,0,0,1,0,0,7.69230769230769,0,0,0,0,0,7.69230769230769,0,0
"9","CE_17_1","-71.5939","41.6503","7",3,0,0,0,0,0,0,0,0,0,0,0,0,0,0,0,0,0,0
"10","CE_17_2","-71.5402","41.7517","6",57,10,7,0,0,1,0,2,0,0,17.5438596491228,12.280701754386,0,0,1.75438596491228,0,3.50877192982456,0,0
"11","CE_17_2","-71.5402","41.7517","7",28,5,4,0,0,1,0,0,0,0,17.8571428571429,14.2857142857143,0,0,3.57142857142857,0,0,0,0
"12","CE_22_1","-71.7136","41.6244","6",26,9,6,0,0,2,0,2,0,1,34.6153846153846,23.0769230769231,0,0,7.69230769230769,0,7.69230769230769,0,3.84615384615385
"13","CE_22_1","-71.7136","41.6244","7",12,5,4,0,0,0,0,1,0,0,41.6666666666667,33.3333333333333,0,0,0,0,8.33333333333333,0,0
"14","CE_22_2","-71.7094","41.5767","6",23,6,4,0,0,2,0,0,0,0,26.0869565217391,17.3913043478261,0,0,8.69565217391304,0,0,0,0
"15","CE_22_2","-71.7094","41.5767","7",16,6,4,0,0,3,0,2,0,2,37.5,25,0,0,18.75,0,12.5,0,12.5
"16","CE_23_1","-71.5703","41.5898","6",32,12,8,0,0,4,0,3,0,3,37.5,25,0,0,12.5,0,9.375,0,9.375
"17","CE_23_1","-71.5703","41.5898","7",27,6,4,0,1,0,0,1,0,0,22.2222222222222,14.8148148148148,3.7037037037037,0,0,0,3.7037037037037,0,0
"18","CE_23_2","-71.5134","41.6295","6",129,28,22,0,2,4,0,2,0,2,21.7054263565891,17.0542635658915,1.55038759689922,0,3.10077519379845,0,1.55038759689922,0,1.55038759689922
"19","CE_23_2","-71.5134","41.6295","7",53,7,4,0,2,0,0,1,0,0,13.2075471698113,7.54716981132075,3.77358490566038,0,0,0,1.88679245283019,0,0
"20","NB_18_1","-71.4205","41.6969","6",35,5,4,0,1,0,0,1,0,1,14.2857142857143,11.4285714285714,2.85714285714286,0,0,0,2.85714285714286,0,2.85714285714286
"21","NB_18_1","-71.4205","41.6969","7",17,3,2,0,0,1,0,0,0,0,17.6470588235294,11.7647058823529,0,0,5.88235294117647,0,0,0,0
"22","NB_19_1","-71.3224","41.76044","7",4,1,0,0,0,0,0,1,0,0,25,0,0,0,0,0,25,0,0
"23","NB_19_2","-71.3042","41.673","6",67,27,17,0,1,8,0,6,0,5,40.2985074626866,25.3731343283582,1.49253731343284,0,11.9402985074627,0,8.95522388059701,0,7.46268656716418
"24","NB_19_2","-71.3042","41.673","7",56,7,6,0,0,3,0,1,0,3,12.5,10.7142857142857,0,0,5.35714285714286,0,1.78571428571429,0,5.35714285714286
"25","NB_8_1","-71.4372","41.8921","7",4,3,2,0,0,2,0,0,0,1,75,50,0,0,50,0,0,0,25
"26","NO_1_1","-71.7897","41.982","7",2,0,0,0,0,0,0,0,0,0,0,0,0,0,0,0,0,0,0
"27","NO_2_1","-71.6765","41.991","7",4,0,0,0,0,0,0,0,0,0,0,0,0,0,0,0,0,0,0
"28","NO_3_1","-71.57881","41.9798","6",23,7,6,0,0,3,0,0,0,2,30.4347826086957,26.0869565217391,0,0,13.0434782608696,0,0,0,8.69565217391304
"29","NO_3_1","-71.57881","41.9798","7",9,0,0,0,0,0,0,0,0,0,0,0,0,0,0,0,0,0,0
"30","NO_3_2","-71.5039","41.9362","7",4,0,0,0,0,0,0,0,0,0,0,0,0,0,0,0,0,0,0
"31","NO_4_2","-71.4501","41.9412","6",4,2,1,0,0,1,0,0,0,0,50,25,0,0,25,0,0,0,0
"32","NO_6_2","-71.6325","41.8921","6",7,2,2,0,0,1,0,0,0,1,28.5714285714286,28.5714285714286,0,0,14.2857142857143,0,0,0,14.2857142857143
"33","NO_6_2","-71.6325","41.8921","7",4,1,1,0,0,0,0,0,0,0,25,25,0,0,0,0,0,0,0
"34","NO_7_1","-71.5884","41.8597","7",3,1,1,0,0,1,0,1,0,1,33.3333333333333,33.3333333333333,0,0,33.3333333333333,0,33.3333333333333,0,33.3333333333333
"35","SB_26_1","-71.1737","41.65","6",43,13,11,0,0,2,0,3,0,3,30.2325581395349,25.5813953488372,0,0,4.65116279069767,0,6.97674418604651,0,6.97674418604651
"36","SB_26_1","-71.1737","41.65","7",20,7,5,0,0,5,0,0,0,3,35,25,0,0,25,0,0,0,15
"37","SB_30_2","-71.3755","41.509","6",84,29,8,0,1,12,0,11,0,3,34.5238095238095,9.52380952380952,1.19047619047619,0,14.2857142857143,0,13.0952380952381,0,3.57142857142857
"38","SB_30_2","-71.3755","41.509","7",34,19,14,0,1,5,0,4,0,5,55.8823529411765,41.1764705882353,2.94117647058824,0,14.7058823529412,0,11.7647058823529,0,14.7058823529412
"39","SB_37_1","-71.3535","41.4509","6",1,0,0,0,0,0,0,0,0,0,0,0,0,0,0,0,0,0,0
"40","SB_37_1","-71.3535","41.4509","7",1,0,0,0,0,0,0,0,0,0,0,0,0,0,0,0,0,0,0
"41","SO_27_2","-71.7786","41.5071","7",3,1,1,0,0,0,0,0,0,0,33.3333333333333,33.3333333333333,0,0,0,0,0,0,0
"42","SO_28_3","-71.6581","41.5315","6",20,8,6,0,0,6,0,1,0,5,40,30,0,0,30,0,5,0,25
"43","SO_28_3","-71.6581","41.5315","7",21,8,7,0,0,2,0,0,0,1,38.0952380952381,33.3333333333333,0,0,9.52380952380952,0,0,0,4.76190476190476
"44","SO_29_2","-71.4809","41.8809","6",36,15,10,0,1,1,0,3,0,0,41.6666666666667,27.7777777777778,2.77777777777778,0,2.77777777777778,0,8.33333333333333,0,0
"45","SO_29_2","-71.4809","41.8809","7",16,3,3,0,0,1,0,0,0,1,18.75,18.75,0,0,6.25,0,0,0,6.25
"46","SO_29_3","-71.5889","41.5549","6",45,17,14,0,2,4,0,1,0,4,37.7777777777778,31.1111111111111,4.44444444444444,0,8.88888888888889,0,2.22222222222222,0,8.88888888888889
"47","SO_29_3","-71.5889","41.5549","7",5,2,1,0,0,1,0,0,0,0,40,20,0,0,20,0,0,0,0
"48","SO_34_1","-71.6076","41.4296","6",10,1,0,0,0,0,0,1,0,0,10,0,0,0,0,0,10,0,0
"49","SO_34_1","-71.6076","41.4296","7",9,5,4,0,0,1,0,1,0,1,55.5555555555556,44.4444444444444,0,0,11.1111111111111,0,11.1111111111111,0,11.1111111111111
"50","SO_34_2","-71.6479","41.4274","6",10,4,1,0,0,0,0,3,0,0,40,10,0,0,0,0,30,0,0
"51","SO_34_2","-71.6479","41.4274","7",31,7,6,0,0,1,0,0,0,0,22.5806451612903,19.3548387096774,0,0,3.2258064516129,0,0,0,0
"52","SO_34_3","-71.6882","41.4663","6",32,9,6,0,0,2,0,1,0,0,28.125,18.75,0,0,6.25,0,3.125,0,0
"53","SO_34_3","-71.6882","41.4663","7",6,3,2,0,0,0,0,1,0,0,50,33.3333333333333,0,0,0,0,16.6666666666667,0,0
"54","SO_35_1","-71.4889","41.4635","6",22,7,4,0,1,1,0,1,0,0,31.8181818181818,18.1818181818182,4.54545454545455,0,4.54545454545455,0,4.54545454545455,0,0
"55","SO_35_1","-71.4889","41.4635","7",20,10,7,0,1,1,0,3,0,2,50,35,5,0,5,0,15,0,10
"56","SO_35_2","-71.5751","41.4693","6",26,11,6,0,0,5,0,2,0,2,42.3076923076923,23.0769230769231,0,0,19.2307692307692,0,7.69230769230769,0,7.69230769230769
"57","SO_35_2","-71.5751","41.4693","7",5,1,1,0,0,0,0,0,0,0,20,20,0,0,0,0,0,0,0
"58","SO_35_3","-71.5218","41.41748","6",18,5,5,0,0,0,0,2,0,2,27.7777777777778,27.7777777777778,0,0,0,0,11.1111111111111,0,11.1111111111111
"59","SO_35_3","-71.5218","41.41748","7",2,1,0,0,0,0,0,0,1,0,50,0,0,0,0,0,0,50,0
"60","SO_40_1","-71.7824","41.3427","6",8,1,0,0,0,0,0,1,0,0,12.5,0,0,0,0,0,12.5,0,0
"61","SO_40_1","-71.7824","41.3427","7",7,2,1,0,0,0,0,1,0,0,28.5714285714286,14.2857142857143,0,0,0,0,14.2857142857143,0,0
"62","SO_41_1","-71.6756","41.3759","6",25,6,4,0,1,1,0,0,1,1,24,16,4,0,4,0,0,4,4
"63","SO_41_1","-71.6756","41.3759","7",15,4,4,0,0,0,0,0,0,0,26.6666666666667,26.6666666666667,0,0,0,0,0,0,0
"64","SO_42_1","-71.584","41.3753","6",86,18,2,0,2,4,0,12,0,2,20.9302325581395,2.32558139534884,2.32558139534884,0,4.65116279069767,0,13.953488372093,0,2.32558139534884
"65","SO_42_1","-71.584","41.3753","7",170,44,11,0,0,10,0,26,2,5,25.8823529411765,6.47058823529412,0,0,5.88235294117647,0,15.2941176470588,1.17647058823529,2.94117647058824
